<!DOCTYPE html>
<html lang="en">
<head>
<meta charset="UTF-8">
<meta name="viewport" content="width=device-width, initial-scale=1.0">
<title>Human Connectome — CRN Dynamics | Occam Research</title>
<meta name="description" content="Interactive visualization of CRN (Coherent Resonant Netting) dynamics on human DTI connectome subgraphs. Subject 100206, Basal Ganglia (T2) and Motor Relay (T3) pathways.">
<link rel="preconnect" href="https://fonts.googleapis.com">
<link href="https://fonts.googleapis.com/css2?family=Space+Grotesk:wght@300;400;500;600;700&family=Newsreader:ital,wght@0,400;0,600;1,400&family=JetBrains+Mono:wght@400&display=swap" rel="stylesheet">
<style>
:root{--bg:#0c0f1a;--surface:#141828;--surface2:#1a1f35;--accent:#4e8eff;--accent2:#5ec4b6;--warm:#e8b84e;--coral:#e85c5c;--text:#e4e8f1;--muted:#7a8194;--border:#252a3e}
*{margin:0;padding:0;box-sizing:border-box}
body{font-family:'Space Grotesk',sans-serif;background:var(--bg);color:var(--text);line-height:1.7;-webkit-font-smoothing:antialiased}
.wrap{max-width:1200px;margin:0 auto;padding:0 28px}
a{color:var(--accent);text-decoration:none;transition:color .2s}a:hover{color:#7eadff}
.nav{padding:16px 0;border-bottom:1px solid var(--border);font-size:.85rem;display:flex;justify-content:space-between;align-items:center}
.nav-home{color:var(--muted);font-weight:500}.nav-home:hover{color:var(--text)}
.hero{padding:40px 0 28px}
.hero-label{font-size:.7rem;font-weight:500;letter-spacing:.15em;text-transform:uppercase;color:var(--accent);margin-bottom:8px}
.hero h1{font-family:'Newsreader',serif;font-size:2.2rem;font-weight:600;line-height:1.2;letter-spacing:-.01em;margin-bottom:10px}
.hero-sub{font-size:.92rem;color:var(--muted);max-width:750px;font-weight:300}
.info{background:var(--surface);border:1px solid var(--border);border-radius:12px;padding:20px 24px;margin:24px 0}
.info h3{font-size:.9rem;font-weight:600;margin-bottom:6px}
.info p{font-size:.85rem;color:#9da3b5;margin:0}

/* Tab system */
.tabs{display:flex;gap:2px;margin:24px 0 0;background:var(--surface);border-radius:10px;padding:3px;border:1px solid var(--border);width:fit-content}
.tab-btn{padding:8px 20px;border:none;background:transparent;color:var(--muted);font-family:'Space Grotesk',sans-serif;font-size:.82rem;font-weight:500;cursor:pointer;border-radius:8px;transition:all .2s}
.tab-btn.active{background:var(--accent);color:#fff}
.tab-btn:hover:not(.active){color:var(--text)}
.tab-content{display:none}.tab-content.active{display:block}

/* Stats grid */
.stat-grid{display:grid;grid-template-columns:repeat(3,1fr);gap:1px;background:var(--border);border-radius:12px;overflow:hidden;margin:20px 0}
.stat-card{background:var(--surface);padding:16px 18px}
.stat-card-title{font-size:.68rem;text-transform:uppercase;letter-spacing:.1em;color:var(--muted);margin-bottom:10px;display:flex;align-items:center;gap:6px}
.stat-card-title .dot{width:6px;height:6px;border-radius:50%}
.stat-row{display:flex;justify-content:space-between;padding:5px 0;border-bottom:1px solid rgba(255,255,255,.04);font-size:.82rem}
.stat-row:last-child{border-bottom:none}
.stat-label{color:var(--muted)}.stat-val{font-family:'JetBrains Mono',monospace;font-size:.8rem}

/* Viz sections */
.viz{margin:28px 0}
.viz h2{font-family:'Newsreader',serif;font-size:1.2rem;font-weight:600;margin-bottom:14px;display:flex;align-items:center;gap:10px}
.viz h2 .dot{width:8px;height:8px;border-radius:50%}
.controls{display:flex;gap:20px;flex-wrap:wrap;margin-bottom:14px;padding:14px 18px;background:var(--surface);border-radius:10px;border:1px solid var(--border);align-items:center}
.control-group{display:flex;align-items:center;gap:8px}
.control-group label{font-size:.78rem;color:var(--muted);white-space:nowrap}
.control-group select{background:var(--surface2);color:var(--text);border:1px solid var(--border);border-radius:6px;padding:5px 10px;font-family:'Space Grotesk',sans-serif;font-size:.8rem;cursor:pointer}
.control-group select:focus{outline:none;border-color:var(--accent)}
.control-group input[type=range]{width:160px;accent-color:var(--accent)}
.play-btn{background:var(--accent);color:#fff;border:none;border-radius:6px;padding:5px 14px;font-family:'Space Grotesk',sans-serif;font-size:.78rem;cursor:pointer;font-weight:500;transition:background .2s}
.play-btn:hover{background:#6a9eff}
.time-display{font-family:'JetBrains Mono',monospace;font-size:.8rem;color:var(--accent);min-width:70px}

canvas{display:block;width:100%;border-radius:12px;border:1px solid var(--border)}
.legend{display:flex;gap:18px;flex-wrap:wrap;margin-top:10px;padding:10px 14px;background:var(--surface);border-radius:8px}
.legend-item{display:flex;align-items:center;gap:6px;font-size:.78rem;color:var(--muted)}
.legend-dot{width:10px;height:10px;border-radius:50%;flex-shrink:0}

/* Charts container */
.charts-row{display:grid;grid-template-columns:1fr 1fr;gap:16px;margin:20px 0}
.chart-box{background:var(--surface);border:1px solid var(--border);border-radius:12px;padding:16px}
.chart-box h3{font-size:.82rem;font-weight:500;color:var(--muted);margin-bottom:10px}

.source{margin:28px 0;padding:18px 22px;background:var(--surface2);border-left:3px solid var(--accent);border-radius:0 8px 8px 0;font-size:.82rem;color:var(--muted);line-height:1.8}
.source strong{color:var(--text);font-weight:500}
footer{padding:24px 0;text-align:center;font-size:.73rem;color:var(--muted);border-top:1px solid var(--border);margin-top:20px}
@media(max-width:700px){.hero h1{font-size:1.6rem}.stat-grid{grid-template-columns:1fr}.controls{flex-direction:column;gap:10px}.charts-row{grid-template-columns:1fr}}
</style>
</head>
<body>
<div class="wrap">

<nav class="nav">
  <a href="index.html" class="nav-home">☉ Occam Research</a>
  <span style="color:var(--muted);font-size:.78rem">Interactive Demo — CRN on Human Connectome</span>
</nav>

<div class="hero">
  <div class="hero-label">Human Connectome Project · Subject 100206</div>
  <h1>CRN Dynamics on Basal Ganglia Pathways</h1>
  <p class="hero-sub">Interactive visualization of GKSL open-system transport on DTI-derived connectome subgraphs. Demonstrating noise-assisted transport (ENAQT) and the inverted-U selectivity window predicted by Coherent Resonant Netting theory.</p>
</div>

<div class="info">
  <h3>About this visualization</h3>
  <p><strong>T2 — Basal Ganglia Gating Loop:</strong> Sources are striatal nuclei (Caudate, Putamen, Accumbens). Targets are thalamus and pallidum — the gating output. CRN predicts that intermediate dephasing (κ) optimizes selective signal routing. <strong>T3 — Motor Relay:</strong> Thalamocortical broadcast pathway where structure dominates and weight-tuning has minimal effect. Compare the two to see the architectural dissociation.</p>
</div>

<!-- PORT TABS -->
<div class="tabs">
  <button class="tab-btn active" data-tab="t2">T2 — Basal Ganglia</button>
  <button class="tab-btn" data-tab="t3">T3 — Motor Relay</button>
</div>

<!-- ===== T2 PANEL ===== -->
<div class="tab-content active" id="panel-t2">

<div class="stat-grid">
  <div class="stat-card">
    <div class="stat-card-title"><span class="dot" style="background:var(--accent)"></span>Subgraph Topology</div>
    <div class="stat-row"><span class="stat-label">ROI nodes</span><span class="stat-val">20</span></div>
    <div class="stat-row"><span class="stat-label">DTI edges</span><span class="stat-val">152</span></div>
    <div class="stat-row"><span class="stat-label">Density</span><span class="stat-val">0.80</span></div>
    <div class="stat-row"><span class="stat-label">Hemisphere</span><span class="stat-val">Left</span></div>
  </div>
  <div class="stat-card">
    <div class="stat-card-title"><span class="dot" style="background:var(--accent2)"></span>CRN Architecture</div>
    <div class="stat-row"><span class="stat-label">Sources (BG input)</span><span class="stat-val">3</span></div>
    <div class="stat-row"><span class="stat-label">Targets (gating out)</span><span class="stat-val">2</span></div>
    <div class="stat-row"><span class="stat-label">Intermediate ROIs</span><span class="stat-val">15</span></div>
    <div class="stat-row"><span class="stat-label">Disorder ε</span><span class="stat-val">2.0</span></div>
  </div>
  <div class="stat-card">
    <div class="stat-card-title"><span class="dot" style="background:var(--warm)"></span>ENAQT Result</div>
    <div class="stat-row"><span class="stat-label">Peak R₀ selectivity</span><span class="stat-val" style="color:var(--warm)">7.13</span></div>
    <div class="stat-row"><span class="stat-label">κ* (optimal)</span><span class="stat-val">1.0</span></div>
    <div class="stat-row"><span class="stat-label">Inverted-U window</span><span class="stat-val" style="color:var(--accent2)">✓ confirmed</span></div>
    <div class="stat-row"><span class="stat-label">Topology-specific</span><span class="stat-val" style="color:var(--accent2)">✓ G > 0</span></div>
  </div>
</div>

<!-- CONNECTOME VIZ -->
<div class="viz">
  <h2><span class="dot" style="background:var(--accent)"></span>Connectome — Live GKSL Dynamics</h2>
  <div class="controls">
    <div class="control-group">
      <label>κ (dephasing)</label>
      <select id="kappaSelect">
        <option value="0">0.001 (coherent)</option>
        <option value="1">0.01</option>
        <option value="2">0.1</option>
        <option value="3">0.3</option>
        <option value="4" selected>1.0 (optimal)</option>
        <option value="5">3.0</option>
        <option value="6">10.0 (classical)</option>
      </select>
    </div>
    <div class="control-group">
      <label>Layout</label>
      <select id="layoutSelect">
        <option value="anatomical" selected>Anatomical</option>
        <option value="hierarchical">Hierarchical (Src→Tgt)</option>
        <option value="force">Force-directed</option>
      </select>
    </div>
    <div class="control-group">
      <label>Node scale</label>
      <input type="range" id="nodeSizeRange" min="0.5" max="3" value="1.5" step="0.1">
    </div>
    <button class="play-btn" id="playBtn">▶ Play</button>
    <span class="time-display" id="timeDisplay">t = 0.00</span>
    <div class="control-group" style="flex:1;min-width:120px">
      <input type="range" id="timeSlider" min="0" max="50" value="0" step="1" style="width:100%">
    </div>
  </div>
  <canvas id="graphCanvas" width="1200" height="580"></canvas>
  <div class="legend">
    <div class="legend-item"><span class="legend-dot" style="background:#4e8eff"></span>Sources (Striatum)</div>
    <div class="legend-item"><span class="legend-dot" style="background:#e8b84e"></span>Targets (Thal / Pall)</div>
    <div class="legend-item"><span class="legend-dot" style="background:#5ec4b6"></span>Intermediate (Cortical)</div>
    <div class="legend-item"><span class="legend-dot" style="background:rgba(255,255,255,.15)"></span>Node size ~ ρ<sub>ii</sub>(t)</div>
  </div>
</div>

<!-- CHARTS -->
<div class="charts-row">
  <div class="chart-box">
    <h3>R₀(t) — Selectivity Dynamics</h3>
    <canvas id="r0Chart" width="560" height="280"></canvas>
  </div>
  <div class="chart-box">
    <h3>Inverted-U — R₀(T<sub>end</sub>) vs κ</h3>
    <canvas id="enaqtChart" width="560" height="280"></canvas>
  </div>
</div>

<div class="charts-row">
  <div class="chart-box">
    <h3>P<sub>T</sub>(t) — Target Absorption</h3>
    <canvas id="ptChart" width="560" height="280"></canvas>
  </div>
  <div class="chart-box">
    <h3>P<sub>D</sub>(t) — Distractor Leakage</h3>
    <canvas id="pdChart" width="560" height="280"></canvas>
  </div>
</div>

</div><!-- end panel-t2 -->

<!-- ===== T3 PANEL (placeholder) ===== -->
<div class="tab-content" id="panel-t3">
<div class="stat-grid">
  <div class="stat-card">
    <div class="stat-card-title"><span class="dot" style="background:var(--accent)"></span>Subgraph Topology</div>
    <div class="stat-row"><span class="stat-label">ROI nodes</span><span class="stat-val">~22</span></div>
    <div class="stat-row"><span class="stat-label">DTI edges</span><span class="stat-val">~170</span></div>
    <div class="stat-row"><span class="stat-label">Hemisphere</span><span class="stat-val">Left</span></div>
    <div class="stat-row"><span class="stat-label">Pathway</span><span class="stat-val">Thal → Motor Ctx</span></div>
  </div>
  <div class="stat-card">
    <div class="stat-card-title"><span class="dot" style="background:var(--accent2)"></span>CRN Architecture</div>
    <div class="stat-row"><span class="stat-label">Sources</span><span class="stat-val">Thalamus</span></div>
    <div class="stat-row"><span class="stat-label">Targets</span><span class="stat-val">Precentral / Paracentral</span></div>
    <div class="stat-row"><span class="stat-label">Transport type</span><span class="stat-val" style="color:var(--warm)">Structure-driven</span></div>
    <div class="stat-row"><span class="stat-label">Weight sensitivity</span><span class="stat-val">Low (G ≈ 0)</span></div>
  </div>
  <div class="stat-card">
    <div class="stat-card-title"><span class="dot" style="background:var(--warm)"></span>Key Finding</div>
    <div class="stat-row"><span class="stat-label">ENAQT present</span><span class="stat-val" style="color:var(--accent2)">✓</span></div>
    <div class="stat-row"><span class="stat-label">Topology-specific</span><span class="stat-val" style="color:var(--coral)">✗ G ≈ 0</span></div>
    <div class="stat-row"><span class="stat-label">Interpretation</span><span class="stat-val">Relay, not gating</span></div>
    <div class="stat-row"><span class="stat-label">Weight shuffle</span><span class="stat-val">No effect</span></div>
  </div>
</div>

<div class="info" style="margin-top:20px">
  <h3>T2 vs T3 — Architectural Dissociation</h3>
  <p>Both ports exhibit the inverted-U transport profile (ENAQT), but they respond differently to weight perturbation. In T2, shuffling edge weights destroys selectivity (G&nbsp;>&nbsp;0) — the <em>specific</em> weight pattern matters. In T3, surrogates perform equally well (G&nbsp;≈&nbsp;0) — topology alone is sufficient. This double dissociation is a core prediction of CRN: gating circuits require weight-tuned interference, while relay circuits broadcast via graph geometry.</p>
</div>

<div class="info">
  <h3>Interactive T3 dynamics</h3>
  <p>T3 trajectory visualization uses the same GKSL solver and parameters as T2. To enable it, generate T3 trajectory data and reload this page with both datasets. The stat cards above show the key quantitative contrast: T3 has ENAQT (inverted-U ✓) but no weight-specificity (G&nbsp;≈&nbsp;0), the opposite pattern from T2.</p>
</div>
</div><!-- end panel-t3 -->

<!-- SOURCE -->
<div class="source">
  <strong>Data source:</strong> Human Connectome Project (HCP), Subject 100206, DTI tractography (repeated_10, scale 125).<br>
  Van Essen et al. (2013). <em>NeuroImage</em>. <a href="https://doi.org/10.1016/j.neuroimage.2013.05.041" target="_blank">doi:10.1016/j.neuroimage.2013.05.041</a><br>
  <strong>CRN framework:</strong> Dolgikh (2026). <a href="https://doi.org/10.5281/zenodo.18249250" target="_blank">doi:10.5281/zenodo.18249250</a><br>
  <strong>GKSL solver:</strong> RK2, dt=0.05, T<sub>end</sub>=10, γ<sub>T</sub>=1.0, γ<sub>L</sub>=5×10⁻⁴, ε=2.0
</div>

</div><!-- end wrap -->

<footer><div class="wrap">© 2026 Occam Research · <a href="https://occam.world">occam.world</a> · CRN Interactive Demo v2.0</div></footer>

<script>
// ===== EMBEDDED DATA =====
const GRAPH = {"nodes":[{"n":"L-Caudate","r":"s","y":68.38,"z":22.06},{"n":"L-Putamen","r":"s","y":65.78,"z":16.38},{"n":"L-Accumbens-area","r":"s","y":70.33,"z":13.15},{"n":"L-Thalamus-Proper","r":"t","y":57.06,"z":18.9},{"n":"L-Pallidum","r":"t","y":64.3,"z":14.81},{"n":"posteriorcingulate_1","r":"r","y":57.3,"z":29.69},{"n":"isthmuscingulate_1","r":"r","y":44.05,"z":22.16},{"n":"caudalanteriorcingulate_1","r":"r","y":73.88,"z":29.08},{"n":"caudalmiddlefrontal_2","r":"r","y":67.41,"z":36.19},{"n":"insula_1","r":"r","y":55.16,"z":21.89},{"n":"posteriorcingulate_2","r":"r","y":48.24,"z":32.41},{"n":"precentral_6","r":"r","y":56.73,"z":32.94},{"n":"rostralmiddlefrontal_2","r":"r","y":78.68,"z":33.7},{"n":"superiorparietal_3","r":"r","y":35.59,"z":33.38},{"n":"supramarginal_5","r":"r","y":38.39,"z":36.28},{"n":"superiorparietal_2","r":"r","y":38.52,"z":42.52},{"n":"precuneus_5","r":"r","y":34.84,"z":22.97},{"n":"superiorfrontal_8","r":"r","y":59.19,"z":43.4},{"n":"precuneus_2","r":"r","y":40.62,"z":36.21},{"n":"caudalmiddlefrontal_1","r":"r","y":72.13,"z":39.92}],"edges":[{"s":0,"t":1,"w":1.0001},{"s":0,"t":3,"w":0.66956},{"s":0,"t":4,"w":0.18921},{"s":0,"t":5,"w":1.1674},{"s":0,"t":6,"w":0.15248},{"s":0,"t":7,"w":1.47696},{"s":0,"t":8,"w":0.54863},{"s":0,"t":9,"w":0.25383},{"s":0,"t":10,"w":0.44292},{"s":0,"t":11,"w":0.17236},{"s":0,"t":12,"w":0.71611},{"s":0,"t":13,"w":0.33454},{"s":0,"t":14,"w":0.24697},{"s":0,"t":15,"w":0.25976},{"s":0,"t":16,"w":0.05834},{"s":0,"t":17,"w":0.29009},{"s":0,"t":18,"w":0.20385},{"s":0,"t":19,"w":0.41253},{"s":1,"t":3,"w":0.77579},{"s":1,"t":4,"w":0.11285},{"s":1,"t":5,"w":0.06968},{"s":1,"t":6,"w":0.05527},{"s":1,"t":7,"w":0.09141},{"s":1,"t":8,"w":0.95866},{"s":1,"t":9,"w":0.64875},{"s":1,"t":10,"w":0.12726},{"s":1,"t":11,"w":1.04234},{"s":1,"t":12,"w":0.53625},{"s":1,"t":13,"w":0.11355},{"s":1,"t":14,"w":0.25999},{"s":1,"t":15,"w":0.44199},{"s":1,"t":16,"w":0.0559},{"s":1,"t":17,"w":0.25842},{"s":1,"t":18,"w":0.06485},{"s":1,"t":19,"w":0.07223},{"s":3,"t":4,"w":0.56804},{"s":3,"t":5,"w":2.05633},{"s":3,"t":6,"w":1.47649},{"s":3,"t":7,"w":0.05776},{"s":3,"t":8,"w":0.09786},{"s":3,"t":9,"w":0.52637},{"s":3,"t":10,"w":0.92548},{"s":3,"t":11,"w":0.27463},{"s":3,"t":12,"w":0.02708},{"s":3,"t":13,"w":0.72453},{"s":3,"t":14,"w":0.40858},{"s":3,"t":15,"w":0.2755},{"s":3,"t":16,"w":0.65724},{"s":3,"t":17,"w":0.10681},{"s":3,"t":18,"w":0.31863},{"s":3,"t":19,"w":0.02441},{"s":4,"t":5,"w":0.00506},{"s":4,"t":6,"w":0.01058},{"s":4,"t":7,"w":0.00953},{"s":4,"t":8,"w":0.02324},{"s":4,"t":9,"w":0.10617},{"s":4,"t":10,"w":0.02569},{"s":4,"t":11,"w":0.03115},{"s":4,"t":12,"w":0.01255},{"s":4,"t":13,"w":0.07264},{"s":4,"t":14,"w":0.10228},{"s":4,"t":15,"w":0.03777},{"s":4,"t":16,"w":0.00959},{"s":4,"t":17,"w":0.01214},{"s":4,"t":18,"w":0.03208},{"s":4,"t":19,"w":0.00465},{"s":5,"t":6,"w":0.38406},{"s":5,"t":7,"w":0.13081},{"s":5,"t":8,"w":0.38824},{"s":5,"t":9,"w":0.01191},{"s":5,"t":10,"w":0.09432},{"s":5,"t":11,"w":0.01098},{"s":5,"t":12,"w":0.25575},{"s":5,"t":13,"w":0.02435},{"s":5,"t":14,"w":0.00517},{"s":5,"t":15,"w":0.01423},{"s":5,"t":16,"w":0.06398},{"s":5,"t":17,"w":0.02412},{"s":5,"t":18,"w":0.01981},{"s":5,"t":19,"w":0.85133},{"s":6,"t":8,"w":0.0018},{"s":6,"t":9,"w":0.13394},{"s":6,"t":10,"w":0.49772},{"s":6,"t":11,"w":0.00343},{"s":6,"t":13,"w":0.99946},{"s":6,"t":14,"w":0.06264},{"s":6,"t":15,"w":0.02482},{"s":6,"t":16,"w":1.21784},{"s":6,"t":18,"w":0.22338},{"s":7,"t":8,"w":0.28637},{"s":7,"t":10,"w":0.00204},{"s":7,"t":11,"w":0.00511},{"s":7,"t":12,"w":0.7594},{"s":7,"t":14,"w":0.00215},{"s":7,"t":15,"w":0.00732},{"s":7,"t":17,"w":0.00517},{"s":7,"t":19,"w":0.53677},{"s":8,"t":9,"w":0.0061},{"s":8,"t":10,"w":0.03376},{"s":8,"t":11,"w":0.51893},{"s":8,"t":12,"w":0.07496},{"s":8,"t":13,"w":0.01307},{"s":8,"t":14,"w":0.02562},{"s":8,"t":15,"w":0.17166},{"s":8,"t":17,"w":0.07124},{"s":8,"t":18,"w":0.01238},{"s":8,"t":19,"w":0.14784},{"s":9,"t":10,"w":0.14005},{"s":9,"t":11,"w":0.5355},{"s":9,"t":13,"w":0.46879},{"s":9,"t":14,"w":1.95341},{"s":9,"t":15,"w":0.1691},{"s":9,"t":16,"w":0.14964},{"s":9,"t":17,"w":0.07148},{"s":9,"t":18,"w":0.16457},{"s":10,"t":11,"w":0.01836},{"s":10,"t":12,"w":0.00151},{"s":10,"t":13,"w":0.18892},{"s":10,"t":14,"w":0.06096},{"s":10,"t":15,"w":0.10169},{"s":10,"t":16,"w":0.32821},{"s":10,"t":17,"w":0.00639},{"s":10,"t":18,"w":0.07369},{"s":10,"t":19,"w":0.05398},{"s":11,"t":12,"w":0.00151},{"s":11,"t":13,"w":0.01046},{"s":11,"t":14,"w":0.37372},{"s":11,"t":15,"w":0.02377},{"s":11,"t":17,"w":0.06561},{"s":11,"t":18,"w":0.00732},{"s":11,"t":19,"w":0.09577},{"s":12,"t":17,"w":0.00093},{"s":12,"t":19,"w":0.15283},{"s":13,"t":14,"w":0.08862},{"s":13,"t":15,"w":0.2024},{"s":13,"t":16,"w":0.40521},{"s":13,"t":17,"w":0.02034},{"s":13,"t":18,"w":0.99027},{"s":13,"t":19,"w":0.00267},{"s":14,"t":15,"w":0.04114},{"s":14,"t":16,"w":0.0079},{"s":14,"t":17,"w":0.02359},{"s":14,"t":18,"w":0.08455},{"s":14,"t":19,"w":0.00337},{"s":15,"t":16,"w":0.00215},{"s":15,"t":17,"w":0.2214},{"s":15,"t":18,"w":0.07862},{"s":15,"t":19,"w":0.04899},{"s":16,"t":18,"w":0.20118},{"s":17,"t":18,"w":0.01348},{"s":17,"t":19,"w":0.07276},{"s":18,"t":19,"w":0.00285}],"W":[[0.0,1.0001,0.0,0.66956,0.18921,1.1674,0.15248,1.47696,0.54863,0.25383,0.44292,0.17236,0.71611,0.33454,0.24697,0.25976,0.05834,0.29009,0.20385,0.41253],[1.0001,0.0,0.0,0.77579,0.11285,0.06968,0.05527,0.09141,0.95866,0.64875,0.12726,1.04234,0.53625,0.11355,0.25999,0.44199,0.0559,0.25842,0.06485,0.07223],[0.0,0.0,0.0,0.0,0.0,0.0,0.0,0.0,0.0,0.0,0.0,0.0,0.0,0.0,0.0,0.0,0.0,0.0,0.0,0.0],[0.66956,0.77579,0.0,0.0,0.56804,2.05633,1.47649,0.05776,0.09786,0.52637,0.92548,0.27463,0.02708,0.72453,0.40858,0.2755,0.65724,0.10681,0.31863,0.02441],[0.18921,0.11285,0.0,0.56804,0.0,0.00506,0.01058,0.00953,0.02324,0.10617,0.02569,0.03115,0.01255,0.07264,0.10228,0.03777,0.00959,0.01214,0.03208,0.00465],[1.1674,0.06968,0.0,2.05633,0.00506,0.0,0.38406,0.13081,0.38824,0.01191,0.09432,0.01098,0.25575,0.02435,0.00517,0.01423,0.06398,0.02412,0.01981,0.85133],[0.15248,0.05527,0.0,1.47649,0.01058,0.38406,0.0,0.0,0.0018,0.13394,0.49772,0.00343,0.0,0.99946,0.06264,0.02482,1.21784,0.0,0.22338,0.0],[1.47696,0.09141,0.0,0.05776,0.00953,0.13081,0.0,0.0,0.28637,0.0,0.00204,0.00511,0.7594,0.0,0.00215,0.00732,0.0,0.00517,0.0,0.53677],[0.54863,0.95866,0.0,0.09786,0.02324,0.38824,0.0018,0.28637,0.0,0.0061,0.03376,0.51893,0.07496,0.01307,0.02562,0.17166,0.0,0.07124,0.01238,0.14784],[0.25383,0.64875,0.0,0.52637,0.10617,0.01191,0.13394,0.0,0.0061,0.0,0.14005,0.5355,0.0,0.46879,1.95341,0.1691,0.14964,0.07148,0.16457,0.0],[0.44292,0.12726,0.0,0.92548,0.02569,0.09432,0.49772,0.00204,0.03376,0.14005,0.0,0.01836,0.00151,0.18892,0.06096,0.10169,0.32821,0.00639,0.07369,0.05398],[0.17236,1.04234,0.0,0.27463,0.03115,0.01098,0.00343,0.00511,0.51893,0.5355,0.01836,0.0,0.00151,0.01046,0.37372,0.02377,0.0,0.06561,0.00732,0.09577],[0.71611,0.53625,0.0,0.02708,0.01255,0.25575,0.0,0.7594,0.07496,0.0,0.00151,0.00151,0.0,0.0,0.0,0.0,0.0,0.00093,0.0,0.15283],[0.33454,0.11355,0.0,0.72453,0.07264,0.02435,0.99946,0.0,0.01307,0.46879,0.18892,0.01046,0.0,0.0,0.08862,0.2024,0.40521,0.02034,0.99027,0.00267],[0.24697,0.25999,0.0,0.40858,0.10228,0.00517,0.06264,0.00215,0.02562,1.95341,0.06096,0.37372,0.0,0.08862,0.0,0.04114,0.0079,0.02359,0.08455,0.00337],[0.25976,0.44199,0.0,0.2755,0.03777,0.01423,0.02482,0.00732,0.17166,0.1691,0.10169,0.02377,0.0,0.2024,0.04114,0.0,0.00215,0.2214,0.07862,0.04899],[0.05834,0.0559,0.0,0.65724,0.00959,0.06398,1.21784,0.0,0.0,0.14964,0.32821,0.0,0.0,0.40521,0.0079,0.00215,0.0,0.0,0.20118,0.0],[0.29009,0.25842,0.0,0.10681,0.01214,0.02412,0.0,0.00517,0.07124,0.07148,0.00639,0.06561,0.00093,0.02034,0.02359,0.2214,0.0,0.0,0.01348,0.07276],[0.20385,0.06485,0.0,0.31863,0.03208,0.01981,0.22338,0.0,0.01238,0.16457,0.07369,0.00732,0.0,0.99027,0.08455,0.07862,0.20118,0.01348,0.0,0.00285],[0.41253,0.07223,0.0,0.02441,0.00465,0.85133,0.0,0.53677,0.14784,0.0,0.05398,0.09577,0.15283,0.00267,0.00337,0.04899,0.0,0.07276,0.00285,0.0]],"src":[0,1,2],"tgt":[3,4],"r0_curve":[{"kappa":0.001,"R0":4.5824},{"kappa":0.001585,"R0":4.5829},{"kappa":0.002512,"R0":4.5837},{"kappa":0.003981,"R0":4.585},{"kappa":0.00631,"R0":4.5871},{"kappa":0.01,"R0":4.5903},{"kappa":0.015849,"R0":4.5954},{"kappa":0.025119,"R0":4.6041},{"kappa":0.039811,"R0":4.6561},{"kappa":0.063096,"R0":4.7881},{"kappa":0.1,"R0":5.0563},{"kappa":0.158489,"R0":5.4348},{"kappa":0.251189,"R0":5.9272},{"kappa":0.398107,"R0":6.4861},{"kappa":0.630957,"R0":6.9691},{"kappa":1.0,"R0":7.1305},{"kappa":1.58489,"R0":6.7293},{"kappa":2.51189,"R0":5.7435},{"kappa":3.98107,"R0":4.4474},{"kappa":6.30957,"R0":3.1916},{"kappa":10.0,"R0":2.1768}]};
